image_width: 1280
image_height: 720
camera_name: cam1
camera_matrix:
  rows: 3
  cols: 3
  data: [834.7651932918228, 0.0, 648.8014154749432, 0.0, 832.7481626610155, 361.47892069492735, 0.0, 0.0, 1.0]
distortion_model: plumb_bob
distortion_coefficients:
  rows: 1
  cols: 5
  data: [0.008708996612869573, -0.03810895519456251, 0.001202997988933051, 0.0006228255139842439, 0.0]

