image_width: 848
image_height: 480
camera_name: cam2
camera_matrix:
  rows: 3
  cols: 3
  data: [422.4206406584785, 0.0, 423.882623840897, 0.0, 422.29508593757583, 239.78277383707655, 0.0, 0.0, 1.0]
distortion_model: plumb_bob
distortion_coefficients:
  rows: 1
  cols: 5
  data: [-0.0020786792475111695, -0.001672461144000999, -0.000663768941323688, 3.885762839220597e-05, 0.0]

