image_width: 1280
image_height: 720
camera_name: cam1
camera_matrix:
  rows: 3
  cols: 3
  data: [792.2298734923631, 0.0, 653.2433394202186, 0.0, 791.7271954760886, 347.576383902078, 0.0, 0.0, 1.0]
distortion_model: plumb_bob
distortion_coefficients:
  rows: 1
  cols: 5
  data: [-0.0022499210749271047, -0.02940195992654983, 0.0006408426575618645, 0.001328177009873874, 0.0]

